12
12
Bardolf
2
6
6
14
16
0
2
0
Elf
Thief
7
20
10
5
5
5
5
5
4
nullitem
-858993460
-858993460
0
-858993460
nullitem
-858993460
-858993460
0
-858993460
nullitem
-858993460
-858993460
0
-858993460
nullitem
-858993460
-858993460
0
-858993460
1
Cloak
1
10
2
7
0
5
1
1
1
Quickstab

16
37
15
-1
-842150451
nulltarget
-842150451
-842150451
0.672176
0
0
13
0
0.662018
0
0
12
0
0.640312
0
0
11
0
0.623746
0
0
10
1
1
Castle 1
1
0
0.622056
0
0
9
0
0.643416
0
0
8
0
0.671489
0
0
7
0
0.694395
0
0
8
0
0.698491
0
0
9
0
0.689834
0
0
10
0
0.676286
0
0
11
0
0.669264
0
0
12
1
2
Dungeon 2
12
0
2Bear
5
-858993460
2
Maul
5
Swipe
3
-858993460
-858993460
Wolf
4
-858993460
2
Bite
4
Pounce
2
-858993460
-858993460
Goblin King
8
-858993460
3
Slash
4
Stab
3
Crush
3
-858993460
-858993460
0.666433
0
0
12
0
0.657461
0
0
11
0
0.638839
0
0
10
0
0.626428
0
0
9
0
0.628781
0
0
8
0
0.652971
0
0
7
0
0.682961
0
0
6
0
0.706537
0
0
7
0
0.70951
0
0
8
1
2
Dungeon 1
8
0
2Golbin
4
-858993460
2
Slash
3
Stab
2
-858993460
-858993460
Wolf
4
-858993460
2
Bite
4
Pounce
2
-858993460
-858993460
Rat Army
6
-858993460
2
Bite
4
Scratch
3
-858993460
-858993460
0.697596
0
0
9
0
0.680275
0
0
10
0
0.671183
0
0
11
0
0.656444
0
0
11
0
0.6508
0
0
10
0
0.639891
0
0
9
0
0.636249
0
0
8
0
0.645777
0
0
7
0
0.673643
0
0
6
0
0.705584
0
0
5
0
0.729397
0
0
6
0
0.729897
0
0
7
0
0.711657
0
0
8
0
0.686728
0
0
9
1
2
Dungeon 3
9
0
2Golbin
4
-858993460
2
Slash
3
Stab
2
-858993460
-858993460
Wolf
4
-858993460
2
Bite
4
Pounce
2
-858993460
-858993460
The Blob
7
-858993460
2
Bounce
5
Sludge
3
-858993460
-858993460
0.673423
0
0
10
0
0.646576
0
0
10
0
0.645508
0
0
9
0
0.644315
0
0
8
0
0.650243
0
0
7
0
0.666246
0
0
6
0
0.69552
0
0
5
0
0.726631
0
0
4
0
0.748027
0
0
5
0
0.744747
0
0
6
0
0.719995
0
0
7
0
0.687776
0
0
8
0
0.670418
0
0
9
0
0.634859
0
0
9
0
0.639314
0
0
8
0
0.648552
0
0
7
0
0.662938
0
0
6
0
0.682114
0
0
5
0
0.708181
0
0
4
0
0.733277
1
0
3
0
0.749038
0
0
4
0
0.743311
0
0
5
0
0.718522
0
0
6
0
0.686848
0
0
7
0
0.669726
0
0
8
0
0.620544
0
0
8
0
0.629443
0
0
7
0
0.646289
0
0
6
0
0.666206
0
0
5
0
0.685519
0
0
4
0
0.705713
1
0
3
0
0.721549
1
96
2
0
0.729931
1
0
3
0
0.724547
0
0
4
0
0.708099
0
0
5
0
0.687357
0
0
6
0
0.676125
0
0
7
0
0.611234
0
0
7
0
0.622354
0
0
6
0
0.642487
0
0
5
0
0.664139
0
0
4
0
0.681015
0
0
3
0
0.694485
1
0
2
0
0.701146
1
100
1
1
0
Town 1
1
100
Beginner Town
0.703699
1
0
2
0
0.70161
0
0
3
0
0.698014
0
0
4
0
0.6928
0
0
5
0
0.689908
0
0
6
0
0.620679
0
0
8
0
0.62957
0
0
7
0
0.64466
0
0
6
0
0.660256
0
0
5
0
0.670389
0
0
4
0
0.677527
0
0
3
0
0.679118
1
0
2
0
0.680618
0
0
3
0
0.682975
0
0
4
0
0.688705
0
0
5
0
0.693354
0
0
6
1
0
Town 3
1
0
Inn
0.695638
0
0
7
0
0.646005
0
0
9
0
0.64806
0
0
8
1
0
Town 4
1
0
Inn
0.649694
0
0
7
0
0.651371
0
0
6
0
0.652004
0
0
5
0
0.656467
0
0
4
0
0.660858
0
0
3
0
0.668003
0
0
4
0
0.673719
0
0
5
0
0.679891
0
0
6
0
0.682184
0
0
7
0
0.683239
0
0
8
0
0.670316
0
0
10
0
0.663272
0
0
9
0
0.647411
0
0
8
0
0.632226
0
0
7
0
0.62411
0
0
6
0
0.630715
0
0
5
0
0.643883
0
0
4
0
0.660143
0
0
5
0
0.666636
0
0
6
0
0.666314
0
0
7
0
0.657962
0
0
8
0
0.653781
0
0
9
0
0.67934
0
0
11
0
0.664311
0
0
10
0
0.633606
0
0
9
0
0.605505
0
0
8
0
0.593574
0
0
7
0
0.606941
0
0
6
0
0.631408
0
0
5
0
0.656597
0
0
6
0
0.661904
0
0
7
0
0.653232
0
0
8
0
0.63307
0
0
9
0
0.623349
0
0
10
0
0.679337
0
0
12
0
0.660809
0
0
11
0
0.623687
0
0
10
0
0.590458
0
0
9
0
0.577818
0
0
8
0
0.595322
0
0
7
0
0.625369
0
0
6
0
0.654396
0
0
7
0
0.658492
0
0
8
0
0.645618
0
0
9
0
0.619955
0
0
10
0
0.607796
0
0
11
0
