12
12
Dick Butt
1
6
6
6
9
70
0
0
Human
Magician
7
7
10
5
5
5
5
5
4
nullitem
-858993460
-858993460
0
-858993460
nullitem
-858993460
-858993460
0
-858993460
nullitem
-858993460
-858993460
0
-858993460
nullitem
-858993460
-858993460
0
-858993460
0
1
Magic Splash

0
15
15
-1
-842150451
nulltarget
-842150451
-842150451
0.478824
0
0
13
0
0.49884
0
0
12
0
0.539904
0
0
11
0
0.577163
0
0
10
0
0.603559
0
0
9
0
0.611675
0
0
8
0
0.607037
0
0
7
0
0.59208
0
0
8
0
0.580451
0
0
9
0
0.58703
0
0
10
0
0.607631
0
0
11
1
2
Dungeon 1
11
0
2Bear
5
-858993460
2
Maul
5
Swipe
3
-858993460
-858993460
Wolf
4
-858993460
2
Bite
4
Pounce
2
-858993460
-858993460
The Blob
7
-858993460
2
Bounce
5
Sludge
3
-858993460
-858993460
0.623365
0
0
12
0
0.500531
0
0
12
0
0.518707
0
0
11
0
0.554195
0
0
10
0
0.584571
0
0
9
0
0.603683
0
0
8
0
0.609332
0
0
7
0
0.606186
0
0
6
0
0.597075
0
0
7
0
0.589539
0
0
8
0
0.596835
0
0
9
0
0.614018
0
0
10
0
0.627383
0
0
11
0
0.550473
0
0
11
0
0.563488
0
0
10
0
0.585579
0
0
9
0
0.600785
0
0
8
0
0.605536
0
0
7
0
0.606447
0
0
6
0
0.605845
0
0
5
0
0.607295
0
0
6
0
0.60821
0
0
7
0
0.618578
0
0
8
0
0.631444
0
0
9
0
0.64131
0
0
10
0
0.619021
0
0
10
1
1
Castle 1
1
0
0.623604
0
0
9
0
0.626963
0
0
8
0
0.623214
0
0
7
0
0.613238
0
0
6
0
0.609791
0
0
5
0
0.611116
0
0
4
0
0.620774
0
0
5
0
0.629171
0
0
6
0
0.643526
0
0
7
0
0.654577
0
0
8
0
0.662272
0
0
9
0
0.688662
0
0
9
0
0.684062
0
0
8
0
0.669297
0
0
7
0
0.648903
0
0
6
0
0.628896
0
0
5
0
0.622662
0
0
4
0
0.624235
0
0
3
0
0.636331
0
0
4
0
0.649162
0
0
5
0
0.668376
0
0
6
0
0.682698
0
0
7
0
0.691264
0
0
8
0
0.739804
0
0
8
0
0.729569
0
0
7
0
0.7048
0
0
6
0
0.676274
0
0
5
0
0.653062
0
0
4
0
0.645475
0
0
3
0
0.644789
1
0
2
0
0.652627
0
0
3
0
0.663542
0
0
4
0
0.683657
0
0
5
0
0.701344
0
0
6
0
0.711648
0
0
7
0
0.755364
0
0
7
1
2
Dungeon 3
7
0
3Golbin
4
-858993460
2
Slash
3
Stab
2
-858993460
-858993460
Slime
5
-858993460
1
Bounce
2
-858993460
-858993460
Wolf
4
-858993460
2
Bite
4
Pounce
2
-858993460
-858993460
Rat Army
6
-858993460
2
Bite
4
Scratch
3
-858993460
-858993460
0.746707
0
0
6
0
0.725727
0
0
5
0
0.70185
0
0
4
0
0.681882
0
0
3
0
0.672608
1
0
2
0
0.665811
1
100
1
1
0
Town 1
1
100
Beginner Town
0.664123
1
0
2
0
0.667944
0
0
3
0
0.68469
0
0
4
0
0.703633
0
0
5
0
0.715103
0
0
6
0
0.729371
0
0
8
0
0.729127
0
0
7
0
0.72452
0
0
6
0
0.71736
0
0
5
0
0.707127
0
0
4
0
0.698261
0
0
3
0
0.684499
1
0
2
0
0.671224
0
0
3
0
0.663307
0
0
4
0
0.670727
0
0
5
0
0.685277
0
0
6
0
0.695384
0
0
7
0
0.674349
0
0
9
0
0.685359
0
0
8
0
0.702697
0
0
7
0
0.718494
0
0
6
0
0.722731
0
0
5
0
0.717934
0
0
4
0
0.699921
0
0
3
1
0
Town 3
1
0
Quests
0.677781
0
0
4
0
0.659169
0
0
5
1
0
Town 4
1
0
Inn
0.656171
0
0
6
0
0.663431
0
0
7
0
0.670349
0
0
8
0
0.613468
0
0
10
0
0.633315
0
0
9
0
0.668919
0
0
8
0
0.705705
0
0
7
0
0.726387
0
0
6
0
0.730941
0
0
5
0
0.715359
0
0
4
1
2
Dungeon 2
4
0
3Golbin
4
-858993460
2
Slash
3
Stab
2
-858993460
-858993460
Rat
3
-858993460
1
Bite
1
-858993460
-858993460
Slime
5
-858993460
1
Bounce
2
-858993460
-858993460
Rat Army
6
-858993460
2
Bite
4
Scratch
3
-858993460
-858993460
0.690916
0
0
5
0
0.665686
0
0
6
0
0.653125
0
0
7
0
0.650859
0
0
8
0
0.652905
0
0
9
0
0.569766
0
0
11
0
0.594008
0
0
10
0
0.640027
0
0
9
0
0.690591
0
0
8
0
0.724503
0
0
7
0
0.738655
0
0
6
0
0.72853
0
0
5
0
0.706529
0
0
6
0
0.68014
0
0
7
0
0.662392
0
0
8
0
0.65266
0
0
9
0
0.650317
0
0
10
0
0.551562
0
0
12
0
0.57689
0
0
11
0
0.626208
0
0
10
0
0.68203
0
0
9
0
0.722102
0
0
8
0
0.741585
0
0
7
0
0.735338
0
0
6
0
0.715848
0
0
7
0
0.689877
0
0
8
0
0.67
0
0
9
0
0.656399
0
0
10
0
0.651691
0
0
11
0
